16 processes
Jacobi relaxation Calculation: 4096 rows x 4096 columns mesh, maximum of 1000 iterations
                                   0.020806
                                   0.029775
                                   0.036159
                                   0.040976
                                   0.040976
                                   0.044567
                                   0.047093
                                   0.048623
                                   0.049200
                                   0.049200
                                   0.048623
                                   0.047093
                                   0.044567
Process: 0, Iteration: 100, Error: 0.020806
                                   0.029775
                                   0.036158
                                   0.014477
                                   0.020881
                                   0.025432
                                   0.033239
                                   0.034346
                                   0.034780
                                   0.034780
                                   0.034346
                                   0.033239
                                   0.025432
Process: 0, Iteration: 200, Error: 0.014477
                                   0.020881
                                   0.031430
                                   0.028864
                                   0.031429
                                   0.028864
                                   0.011677
                                   0.016941
                                   0.020677
                                   0.023496
                                   0.020678
Process: 0, Iteration: 300, Error: 0.011677
                                   0.016941
                                   0.025605
                                   0.023496
                                   0.027097
                                   0.027097
                                   0.028016
                                   0.028387
                                   0.028387
                                   0.028016
                                   0.025605
                                   0.010012
                                   0.014600
                                   0.017850
                                   0.020304
                                   0.024251
                                   0.022142
                                   0.023445
                                   0.024583
                                   0.024583
                                   0.020304
                                   0.023445
                                   0.024251
                                   0.022142
                                   0.017851
Process: 0, Iteration: 400, Error: 0.010012
                                   0.014599
                                   0.008875
                                   0.013000
                                   0.015920
Process: 0, Iteration: 500, Error: 0.008875
                                   0.021678
                                   0.021986
                                   0.019776
                                   0.020949
                                   0.021986
                                   0.012999
                                   0.018124
                                   0.015921
                                   0.018124
                                   0.020949
                                   0.021680
                                   0.019777
                                   0.008038
                                   0.011819
                                   0.011818
                                   0.020065
Process: 0, Iteration: 600, Error: 0.008038
                                   0.019778
                                   0.020065
                                   0.014493
                                   0.016513
                                   0.018028
                                   0.019105
                                   0.018028
                                   0.019105
                                   0.019778
                                   0.014494
                                   0.016513
                                   0.007387
                                   0.016673
                                   0.010903
                                   0.013387
                                   0.015263
                                   0.018304
                                   0.018576
                                   0.013388
                                   0.015263
                                   0.018304
                                   0.016672
                                   0.017675
                                   0.017676
                                   0.010902
                                   0.018576
Process: 0, Iteration: 700, Error: 0.007387
                                   0.006865
                                   0.010166
                                   0.012497
                                   0.010165
                                   0.017376
                                   0.015581
                                   0.017117
                                   0.017376
                                   0.012498
                                   0.014257
Process: 0, Iteration: 800, Error: 0.006865
                                   0.015581
                                   0.014258
                                   0.016524
                                   0.017116
                                   0.016524
                                   0.006430
                                   0.009554
                                   0.011757
                                   0.013422
                                   0.014675
                                   0.013422
                                   0.009553
                                   0.016381
                                   0.014674
                                   0.016131
                                   0.016379
                                   0.011757
                                   0.015568
                                   0.015569
Process: 0, Iteration: 900, Error: 0.006430
                                   0.016130
                                   0.006064
                                   0.009035
                                   0.011132
                                   0.012715
                                   0.014758
                                   0.014758
Process: 0, Iteration: 1000, Error: 0.006064

EXECUTION TIME: 7.714091s
                                   0.011131
                                   0.013906
                                   0.012715
                                   0.009035
                                   0.015536
                                   0.013906
                                   0.015295
                                   0.015536
                                   0.015295
