8 processes
Jacobi relaxation Calculation: 4096 rows x 4096 columns mesh, maximum of 1000 iterations
                                   0.029775
                                   0.040976
                                   0.047093
                                   0.049200
                                   0.047093
                                   0.040976
Process: 0, Iteration: 100, Error: 0.029775
                                   0.049200
                                   0.020881
                                   0.028864
                                   0.033239
                                   0.034780
                                   0.033239
                                   0.028864
Process: 0, Iteration: 200, Error: 0.020881
                                   0.034780
                                   0.016941
                                   0.023496
                                   0.027097
Process: 0, Iteration: 300, Error: 0.016941
                                   0.023496
                                   0.028387
                                   0.027097
                                   0.028387
                                   0.014600
                                   0.020304
Process: 0, Iteration: 400, Error: 0.014599
                                   0.023445
                                   0.020304
                                   0.024583
                                   0.023445
                                   0.024583
                                   0.013000
                                   0.018124
Process: 0, Iteration: 500, Error: 0.012999
                                   0.020949
                                   0.018124
                                   0.021986
                                   0.020949
                                   0.021986
                                   0.011819
                                   0.016513
                                   0.019105
Process: 0, Iteration: 600, Error: 0.011818
                                   0.016513
                                   0.020065
                                   0.019105
                                   0.020065
                                   0.010903
                                   0.015263
                                   0.017676
Process: 0, Iteration: 700, Error: 0.010902
                                   0.015263
                                   0.018576
                                   0.017675
                                   0.018576
                                   0.010166
                                   0.014258
Process: 0, Iteration: 800, Error: 0.010165
                                   0.016524
                                   0.014257
                                   0.017376
                                   0.016524
                                   0.017376
                                   0.009554
                                   0.013422
                                   0.015569
Process: 0, Iteration: 900, Error: 0.009553
                                   0.013422
                                   0.016379
                                   0.015568
                                   0.016381
                                   0.009035
                                   0.012715
                                   0.014758
Process: 0, Iteration: 1000, Error: 0.009035
                                   0.012715
                                   0.015536
                                   0.014758
                                   0.015536

EXECUTION TIME: 10.823735s
